,retweeted,favorited,statuses_count,followers_count,friends_count,favourites_count,protected,verified,notifications,class
0,0,0,111881,11413,0,21,0,0,0,1
1,0,0,3133,593,180,40,0,0,0,1
2,0,0,598,7,27,129,0,0,0,1
3,0,0,3125,1262,1625,4,0,0,0,1
4,0,0,40644,341,1,0,0,0,0,1
5,0,0,144465,227190,92475,138847,0,0,0,1
6,0,0,3,138,1510,0,0,0,0,1
7,0,0,2,76,1316,0,0,0,0,1
8,0,0,2497630,11519,134,2667,0,0,0,1
9,0,0,61654,362,646,2181,0,0,0,1
10,0,0,215,2080,3338,0,0,0,0,1
11,0,0,229924,2,1,11105,0,0,0,1
12,0,0,291804,4978,5460,239002,0,0,0,1
13,0,0,277,59,1297,1301,0,0,0,1
14,0,0,12,3,54,69,0,0,0,1
15,0,0,44846,133876,136625,17215,0,0,0,1
16,0,0,54,0,0,0,0,0,0,1
17,0,0,4,34,0,1273,0,0,0,1
18,0,0,65,34,0,369,0,0,0,1
19,0,0,158976,37282,31736,127430,0,0,0,1
20,0,0,148124,118415,54392,77840,0,0,0,1
21,0,0,234796,254478,221497,6507,0,0,0,1
22,0,0,28,10,146,104,0,0,0,1
23,0,0,630,16,145,1,0,0,0,1
24,0,0,12736,240,65,7646,0,0,0,1
25,0,0,3853,960,1834,2095,0,0,0,1
26,0,0,64437,17809,1,0,0,0,0,1
27,0,0,49580,757,14,9744,0,0,0,1
28,0,0,123243,4259,4209,87597,0,0,0,1
29,0,0,630627,6118,7153,441108,0,0,0,1
30,0,0,1768111,24696,10150,0,0,0,0,1
31,0,0,186222,136159,82426,251586,0,0,0,1
32,0,0,14431,167,129,2119,0,0,0,1
33,0,0,32104,181,319,5,0,0,0,1
34,0,0,23,342,0,7,0,0,0,1
35,0,0,3,832,4423,0,0,0,0,1
36,0,0,65127,3582,2209,1599,0,0,0,1
37,0,0,7532,73,4,11,0,0,0,1
38,0,0,82681,337288,5,8,0,0,0,1
39,0,0,12990,1117,4604,8281,0,0,0,1
40,0,0,122,1607,2862,220,0,0,0,1
41,0,0,18952,14085,11049,21220,0,0,0,1
42,0,0,125244,20523,18143,129294,0,0,0,1
43,0,0,50,48,131,1468,0,0,0,1
44,0,0,464,450,1944,380,0,0,0,1
45,0,0,10,7,0,137,0,0,0,1
46,0,0,56205,8557,9535,237,0,0,0,1
47,0,0,560562,8,0,0,0,0,0,1
48,0,0,170717,20936,9514,175115,0,0,0,1
49,0,0,47294,2,1,0,0,0,0,1
50,0,0,77807,44,1,21,0,0,0,1
51,0,0,51767,11319,356,93031,0,0,0,1
52,0,0,31661,28048,24422,27506,0,0,0,1
53,0,0,140302,6236,6304,10915,0,0,0,1
54,0,0,563,1810,0,0,0,0,0,1
55,0,0,1855,415,131,94417,0,0,0,1
56,0,0,159825,23368,6645,147557,0,0,0,1
57,0,0,15104,14748,9056,19264,0,0,0,1
58,0,0,95,27950,0,0,0,0,0,1
59,0,0,26,17,17,0,0,0,0,1
60,0,0,38389,39387,12957,161767,0,0,0,1
61,0,0,60444,29088,10518,64658,0,0,0,1
62,0,0,11,39,2105,21,0,0,0,1
63,0,0,38434,30586,10594,63916,0,0,0,1
64,0,0,37905,23031,14173,66964,0,0,0,1
65,0,0,44561,39435,29990,73958,0,0,0,1
66,0,0,31963,16273,8389,85113,0,0,0,1
67,0,0,37827,19883,18453,196831,0,0,0,1
68,0,0,9841,14515,14106,12286,0,0,0,1
69,0,0,55,98,810,934,0,0,0,1
70,0,0,14,11,36,34,0,0,0,1
71,0,0,39321,4137,1,0,0,0,0,1
72,0,0,149,282,93,2,0,0,0,1
73,0,0,197,2324,0,0,0,0,0,1
74,0,0,647,3579,4443,1375,0,0,0,1
75,0,0,28345,187,0,0,0,0,0,1
76,0,0,434,14646,167,428,0,0,0,1
77,0,0,2,209,2263,0,0,0,0,1
78,0,0,52885,254700,10,49,0,0,0,1
79,0,0,1988,224,145,217,0,0,0,0
80,0,0,6256,2479,1216,21624,0,0,0,0
81,0,0,729,52,160,2250,0,0,0,0
82,0,0,40,29,35,7,0,0,0,0
83,0,0,72965,39558,38715,10701,0,1,0,0
84,0,0,10448,1086,1134,2661,0,0,0,0
85,0,0,199,1380,962,36886,0,0,0,0
86,0,0,1813,789,3744,85769,0,0,0,0
87,0,0,13743,1781,1621,942,0,0,0,0
88,0,0,25452,12595034,910,659,0,1,0,0
89,0,0,2100,1144,2852,6842,0,0,0,0
90,0,0,76031,1421,1963,22741,0,0,0,0
91,0,0,24779,1513,2060,86004,0,0,0,0
92,0,0,2803,202,522,1143,0,0,0,0
93,0,0,20546,26218,28788,8062,0,0,0,0
94,0,0,7563,3645,105,6740,0,0,0,0
95,0,0,84926,1774,1190,267329,0,0,0,0
96,0,0,3047,188,363,2171,0,0,0,0
97,0,0,107715,5131,5615,336110,0,0,0,0
98,0,0,27923,5997,6445,47786,0,0,0,0
99,0,0,68541,74376,7990,19344,0,1,0,0
100,0,0,71017,19442,8658,7281,0,0,0,0
101,0,0,221,252,1450,188,0,0,0,0
102,0,0,21435,761,1432,52515,0,0,0,0
103,0,0,1084,498,626,101,0,0,0,0
104,0,0,5238,740,693,3112,0,0,0,0
105,0,0,163780,3366632,264,1,0,1,0,0
106,0,0,6357,13869,14011,9471,0,0,0,0
107,0,0,9846,1136,561,14062,0,0,0,0
108,0,0,120746,5051,3834,164437,0,0,0,0
109,0,0,183,33,304,176,0,0,0,0
110,0,0,220564,30919,33156,18687,0,1,0,0
111,0,0,10006,528,1354,40447,0,0,0,0
112,0,0,3061,344,373,9714,0,0,0,0
113,0,0,13647,647,207,2027,0,0,0,0
114,0,0,75404,5919,4896,34831,0,0,0,0
115,0,0,183848,1524,1676,467844,0,0,0,0
116,0,0,3242,69,371,510,0,0,0,0
117,0,0,8432,3499,4031,6481,0,0,0,0
118,0,0,763,1153,563,699,0,0,0,0
119,0,0,8546,163,113,1977,0,0,0,0
120,0,0,23270,602,1541,58551,1,0,0,0
121,0,0,2946,274,1003,12814,0,0,0,0
122,0,0,26897,563,1008,16976,0,0,0,0
123,0,0,3414,22256,19911,277,0,0,0,0
124,0,0,23405,2236,2907,85480,0,0,0,0
125,0,0,24443,2074,4321,54609,0,0,0,0
126,0,0,830,448,443,4042,0,0,0,0
127,0,0,20367,2993,1988,193671,0,0,0,0
128,0,0,53525,13672,8020,29037,0,0,0,0
129,0,0,112,7,227,6443,0,0,0,0
130,0,0,44633,8755,3986,41839,0,1,0,0
131,0,0,2937,148,469,2842,0,0,0,0
132,0,0,107252,1486,671,4360,0,0,0,0
133,0,0,10494,3081,4684,18889,0,0,0,0
134,0,0,82209,736,2180,226325,0,0,0,0
135,0,0,3443,263,809,32593,0,0,0,0
136,0,0,6868,439,374,31937,0,0,0,0
137,0,0,15489,973,1860,33010,0,0,0,0
138,0,0,50290,7539,883,18429,0,1,0,0
139,0,0,137011,15298,3696,36958,0,1,0,0
140,0,0,9930,16472,1782,138,0,0,0,0
141,0,0,43368,1605,1590,26452,0,0,0,0
142,0,0,729,60,510,4873,0,0,0,0
143,0,0,264070,2141,555,141313,0,0,0,0
144,0,0,10270,515,2823,16007,0,0,0,0
145,0,0,1732,162,172,673,0,0,0,0
146,0,0,16696,1076,366,585,0,0,0,0
147,0,0,3327,2095,1679,9717,0,0,0,0
148,0,0,1086,1409,2765,4443,0,0,0,0
149,0,0,3041,4548,4422,5458,0,0,0,0
150,0,0,922,128,446,1609,0,0,0,0
151,0,0,6681,31104,31227,28177,0,0,0,0
152,0,0,226,55,238,9,0,0,0,0
153,0,0,27675,153,212,4996,0,0,0,0
154,0,0,100941,2334,3274,119892,0,0,0,0
155,0,0,3295,236,3417,16540,0,0,0,0
156,0,0,5793,153,1473,18901,0,0,0,0
157,0,0,117877,218624,3967,8377,0,1,0,0
158,0,0,117884,1638,1862,51889,0,0,0,0
159,0,0,61088,358905,999,2682,0,1,0,0
160,0,0,2,4,58,5,0,0,0,0
161,0,0,191,4820,1842,179,0,0,0,0
162,0,0,2039,8022,0,10,0,0,0,0
163,0,0,11068,11245,11854,1078,0,0,0,0
164,0,0,2999,206,405,290,0,0,0,0
165,0,0,3991,440233,1106,221,0,1,0,0
166,0,0,17489,448,545,1756,0,0,0,0
167,0,0,2044,238,795,351,0,0,0,0
168,0,0,57643,1999932,1278,28,0,1,0,0
169,0,0,513,167,37,73,0,0,0,0
170,0,0,3697,13632,2410,9742,0,0,0,0
171,0,0,236192,13527,14880,144497,0,0,0,0
172,0,0,689,132,339,4671,0,0,0,0
173,0,0,68278,5012,5340,118752,0,0,0,0
174,0,0,10109,203,1100,48293,0,0,0,0
175,0,0,76250,2054,1983,40769,0,0,0,0
176,0,0,123899,2817,4998,164451,0,0,0,0
177,0,0,20211,307,648,531,0,0,0,0
178,0,0,1457,69,902,9742,0,0,0,0
179,0,0,60236,60845,29348,92026,0,0,0,0
180,0,0,24825,2993,1563,13751,0,0,0,0
181,0,0,441,23,17,732,0,0,0,0
182,0,0,8077,1146,1884,3148,0,0,0,0
183,0,0,8003,71193,1658,2453,0,1,0,0
184,0,0,21362,380,1845,30558,0,0,0,0
185,0,0,616,240,904,96,0,0,0,0
186,0,0,7903,2627,4768,31165,0,0,0,0
187,0,0,20195,4539651,824,402879,0,1,0,0
188,0,0,114393,343,1188,238398,0,0,0,0
189,0,0,56878,145426,138462,60067,0,0,0,0
190,0,0,123654,2446,3277,152365,0,0,0,0
191,0,0,28,9,9,0,0,0,0,0
192,0,0,12438,2777,870,4260,0,0,0,0
193,0,0,312,22789,70,306,0,0,0,0
194,0,0,12419,201899,393,8114,0,0,0,0
195,0,0,8692,561,975,3171,0,0,0,0
196,0,0,3780,1216,1554,3169,0,0,0,0
197,0,0,63458,140340,9722,879121,0,0,0,0
198,0,0,2730,1305,1296,36366,0,0,0,0
199,0,0,2845,137,365,13390,0,0,0,0
200,0,0,1841,17698,756,5869,0,0,0,0
201,0,0,1766,554,2159,3197,0,0,0,0
202,0,0,8329,136,74,3831,0,0,0,0
203,0,0,52756,253730,496,23978,0,1,0,0
204,0,0,30240,257,467,37943,0,0,0,0
205,0,0,1034,869,1638,3369,0,0,0,0
206,0,0,11,15,69,30,0,0,0,0
207,0,0,62046,82576,27242,5,0,0,0,0
208,0,0,5077,111,291,16358,0,0,0,0
209,0,0,96706,3751,244,31079,0,0,0,0
210,0,0,15612,7626,2167,9547,0,0,0,0
211,0,0,2933,1098,1412,3296,0,0,0,0
212,0,0,51,51,123,3189,0,0,0,0
213,0,0,4232,1282,2898,4000,0,0,0,0
214,0,0,8574,7048,6618,4875,0,0,0,0
215,0,0,2733,25780,25728,13205,0,0,0,0
216,0,0,25555,1136,1585,209953,0,0,0,0
217,0,0,12863,179,82,69,0,0,0,0
218,0,0,4363,150334,107635,83462,0,0,0,0
219,0,0,5046,2214,1457,10966,0,0,0,0
220,0,0,10287,61,504,3899,0,0,0,0
221,0,0,25871,326,440,32487,0,0,0,0
222,0,0,1678,2744,2790,597,0,0,0,0
223,0,0,221,23,45,231,0,0,0,0
224,0,0,4525,147,375,3312,0,0,0,0
225,0,0,596,199,453,1932,0,0,0,0
226,0,0,2403,580,573,4170,0,0,0,0
227,0,0,9274,166,785,8243,0,0,0,0
228,0,0,1674,620,427,2160,0,0,0,0
229,0,0,1788,31418,294,3671,0,0,0,0
230,0,0,2847,545,443,2198,0,0,0,0
231,0,0,58083,1294,376,5933,0,0,0,0
232,0,0,53145,56211,1373,92398,0,0,0,0
233,0,0,6325,257,267,13755,0,0,0,0
234,0,0,6446,5252,5654,7562,0,0,0,0
235,0,0,139790,3743,768,61001,0,0,0,0
236,0,0,303,358,204,173,0,0,0,0
237,0,0,752,41,173,4268,0,0,0,0
238,0,0,39,102,109,3,0,0,0,0
239,0,0,9224,1504,1689,761,0,0,0,0
240,0,0,15,2,21,10,0,0,0,0
241,0,0,45379,53804,50294,45105,0,0,0,0
242,0,0,2238,110,621,15303,0,0,0,0
243,0,0,291,38,193,1139,0,0,0,0
244,0,0,9536,546,740,20864,0,0,0,0
245,0,0,2251,1160,1197,8031,0,0,0,0
246,0,0,61,21,563,1118,0,0,0,0
247,0,0,38438,191,2052,48338,0,0,0,0
248,0,0,101335,927934,12,3,0,1,0,0
249,0,0,76211,12684,4443,116100,0,0,0,0
250,0,0,180741,139234,94988,5656,0,0,0,0
251,0,0,16843,544,355,99447,0,0,0,0
252,0,0,1199,1350,1323,3370,0,0,0,0
253,0,0,722,246,495,1237,0,0,0,0
254,0,0,27,72,483,1320,0,0,0,0
255,0,0,59163,199,2869,57098,0,0,0,0
256,0,0,2128,31,124,694,0,0,0,0
257,0,0,125,168,152,88,0,0,0,0
258,0,0,33355,7418,6569,11725,0,0,0,0
259,0,0,1346,190,682,32747,0,0,0,0
260,0,0,32351,932,1554,148224,0,0,0,0
261,0,0,17569,1897,538,19543,0,0,0,0
262,0,0,140,2766,20,101,0,0,0,0
263,0,0,48,14,60,68,0,0,0,0
264,0,0,5957,1394,933,7966,0,0,0,0
265,0,0,74764,830,1084,177219,0,0,0,0
266,0,0,363,3,17,4,0,0,0,0
267,0,0,57694,9622,9787,34272,0,0,0,0
268,0,0,29,46,70,203,0,0,0,0
269,0,0,7,14,26,0,0,0,0,0
270,0,0,36519,187,526,14529,0,0,0,0
271,0,0,1291,79,451,549,0,0,0,0
272,0,0,61,28,88,583,0,0,0,0
273,0,0,1214,107,193,10658,0,0,0,0
274,0,0,4,62,60,133,0,0,0,0
275,0,0,12163,166,166,63211,0,0,0,0
276,0,0,73111,986,412,49543,0,0,0,0
277,0,0,302,197,121,6572,0,0,0,0
278,0,0,1162,117,100,18992,0,0,0,0
279,0,0,3512,3709,35,79,0,0,0,0
280,0,0,7,35,52,10,0,0,0,0
281,0,0,15218,53,109,195,0,0,0,0
282,0,0,2724,224543,1093,6203,0,0,0,0
283,0,0,41,67,46,83,0,0,0,0
284,0,0,283,175,257,6907,0,0,0,0
285,0,0,3,2,23,14,0,0,0,0
286,0,0,6255,26,94,3626,0,0,0,0
287,0,0,9,16,232,4,0,0,0,0
288,0,0,251,826,853,517,0,0,0,0
289,0,0,741,114,293,29,0,0,0,0
290,0,0,25,40,68,39,0,0,0,0
291,0,0,4666,155,316,2412,0,0,0,0
292,0,0,57,16,112,2,0,0,0,0
293,0,0,10,27,138,1,0,0,0,0
294,0,0,20450,1092,2621,18905,0,0,0,0
295,0,0,2069,5247,5232,2,0,0,0,0
296,0,0,5608,144166,898,23,0,0,0,0
297,0,0,18225,12750,13147,143848,0,0,0,0
298,0,0,164673,492,3598,214025,0,0,0,0
299,0,0,27107,7067,6767,91385,0,0,0,0
300,0,0,14520,233,549,20713,0,0,0,0
301,0,0,9037,570,1018,34941,0,0,0,0
302,0,0,223,148,481,67,0,0,0,0
303,0,0,202,77,557,52,0,0,0,0
304,0,0,12589,3468,185,83871,0,0,0,0
305,0,0,267,354,451,791,0,0,0,0
306,0,0,7720,15465,15559,16593,0,0,0,0
307,0,0,1100,93,340,3491,0,0,0,0
308,0,0,81,1807,2259,4287,0,0,0,0
309,0,0,392,1127,4060,906,0,0,0,0
310,0,0,4568,107,51,11170,0,0,0,0
311,0,0,779,121,160,7111,0,0,0,0
312,0,0,14726,99,253,14216,0,0,0,0
313,0,0,30576,928,1270,20701,0,0,0,0
314,0,0,5636,38,101,2843,0,0,0,0
315,0,0,1250,167,820,11736,0,0,0,0
316,0,0,463,3,82,17,0,0,0,0
317,0,0,18,2,70,12,0,0,0,0
318,0,0,12470,96,554,9666,0,0,0,0
319,0,0,1222,647,1118,659,0,0,0,0
320,0,0,5336,1126,968,5434,0,0,0,0
321,0,0,1999,39,166,905,0,0,0,0
322,0,0,2886,439,15,56,0,0,0,0
323,0,0,923,1114,1580,575,0,0,0,0
324,0,0,22,3,23,12,0,0,0,0
325,0,0,117,2,21,107,0,0,0,0
